ObservedCH4Hanson	CLM4Me
1.9725E-06	1.04019E-07
2.00143E-06	6.62805E-09
2.02652E-06	5.42727E-08
2.0525E-06	2.24256E-07
0.000002145	6.78292E-08
2.19214E-06	2.27754E-07
2.20759E-06	5.40923E-08
2.37625E-06	4.06189E-07
2.41556E-06	3.14372E-07
2.43053E-06	1.44925E-07
0.000002435	1.25031E-07
2.4612E-06	1.87714E-07
2.63619E-06	6.94965E-08
2.64043E-06	1.62291E-07
2.77333E-06	1.63561E-07
2.78474E-06	1.82172E-07
2.81917E-06	7.0327E-08
3.00692E-06	4.05598E-07
3.15286E-06	2.42212E-07
0.000003248	2.29949E-07
4.61357E-06	2.27056E-07
