ObservedCH4Hanson	ModeledCH4
1.9725E-06	8.7825E-07
2.00143E-06	1.69613E-06
2.02652E-06	8.73375E-07
2.0525E-06	7.65625E-07
0.000002145	1.89125E-06
2.19214E-06	1.59925E-06
2.20759E-06	4.9025E-07
2.37625E-06	1.89375E-06
2.41556E-06	1.02738E-06
2.43053E-06	2.4275E-06
0.000002435	2.71625E-06
2.4612E-06	0.000002845
2.63619E-06	0.000001955
2.64043E-06	2.6975E-06
2.77333E-06	2.8775E-06
2.78474E-06	2.7925E-06
2.81917E-06	0.000001925
3.00692E-06	0.000001925
3.15286E-06	2.76125E-06
0.000003248	0.000002685
4.61357E-06	0.00000265